131 3407.383080 1.657E-64 1.005E+02.04000.03022290.71660.660.000000       X3/2   3       X3/2   2                RR 31.5ff     232010 5 2 2 0 1 0   132.0  128.0
131 3407.429990 2.257E-79 1.053E-01.04000.03027784.86390.660.000000       X3/2  10       X1/2   8                PQ 16.5fe     232010 5 2 2 0 1 0    68.0   68.0
131 3407.611460 4.699E-20 1.168E+01.05300.030  355.91490.660.000000       X3/2   1       X3/2   0                PP  4.5ff     342010 5 2 2 0 1 0    16.0   20.0
131 3407.672620 1.487E-64 1.004E+02.04000.03022306.33140.660.000000       X1/2   3       X1/2   2                RR 30.5ee     232010 5 2 2 0 1 0   128.0  124.0
131 3407.709710 2.305E-79 1.054E-01.04000.03027780.56950.660.000000       X3/2  10       X1/2   8                PQ 16.5ef     232010 5 2 2 0 1 0    68.0   68.0
131 3407.988090 4.717E-20 1.168E+01.05300.030  355.12040.660.000000       X3/2   1       X3/2   0                PP  4.5ee     342010 5 2 2 0 1 0    16.0   20.0
131 3408.073440 1.974E-30 3.919E-02.04000.030 4371.28010.660.000000       X1/2   1       X1/2   0                QQ 14.5ef     342010 5 2 2 0 1 0    60.0   60.0
131 3408.248140 9.833E-58 4.983E-02.04000.03017433.09490.660.000000       X1/2   4       X3/2   3                RQ 21.5fe     232010 5 2 2 0 1 0    88.0   88.0
131 3408.478440 1.636E-64 1.004E+02.04000.03022286.69090.660.000000       X1/2   3       X1/2   2                RR 30.5ff     232010 5 2 2 0 1 0   128.0  124.0
131 3408.529110 1.871E-64 1.006E+02.04000.03022265.84740.660.000000       X3/2   3       X3/2   2                RR 31.5ee     232010 5 2 2 0 1 0   132.0  128.0
131 3408.824780 3.342E-49 2.388E-02.04000.03013147.33140.660.000000       X1/2   4       X3/2   3                RQ 13.5fe     332010 5 2 2 0 1 0    56.0   56.0
131 3410.780430 3.639E-30 5.877E-02.04000.030 4341.77830.660.000000       X3/2   1       X3/2   0                QQ 15.5fe     342010 5 2 2 0 1 0    64.0   64.0
131 3411.541500 1.731E-56 4.681E-02.04000.03016820.19470.660.000000       X1/2   4       X3/2   3                RQ 20.5ef     232010 5 2 2 0 1 0    84.0   84.0
131 3412.048410 6.464E-36 1.590E+00.04000.030 7542.33210.660.000000       X1/2   3       X1/2   2                RR  4.5ff     342010 5 2 2 0 1 0    24.0   20.0
131 3412.265770 6.465E-36 1.590E+00.04000.030 7542.30760.660.000000       X1/2   3       X1/2   2                RR  4.5ee     342010 5 2 2 0 1 0    24.0   20.0
131 3412.460770 9.631E-71 1.051E+02.04000.03025287.63790.660.000000       X3/2   2       X3/2   1                RR 37.5ff     232010 5 2 2 0 1 0   156.0  152.0
131 3412.773580 4.638E-50 2.737E-02.04000.03013595.40370.660.000000       X1/2   4       X3/2   3                RQ 14.5ef     332010 5 2 2 0 1 0    60.0   60.0
131 3412.846070 8.771E-71 1.050E+02.04000.03025301.25770.660.000000       X1/2   2       X1/2   1                RR 36.5ee     232010 5 2 2 0 1 0   152.0  148.0
131 3413.497380 4.814E-75 5.748E-02.04000.03025596.34040.660.000000       X3/2   9       X1/2   7                OP 16.5ee     232010 5 2 2 0 1 0    64.0   68.0
131 3413.915380 1.173E-67 1.099E-03.04000.03021425.56260.660.000000       X3/2   3       X1/2   1                OP 32.5ee     232010 5 2 2 0 1 0   128.0  132.0
131 3414.165800 5.130E-29 6.980E-02.04000.030 3819.11970.660.000000       X3/2   1       X3/2   0                QQ 14.5ef     342010 5 2 2 0 1 0    60.0   60.0
131 3414.446600 9.930E-71 1.052E+02.04000.03025275.83340.660.000000       X1/2   2       X1/2   1                RR 36.5ff     232010 5 2 2 0 1 0   152.0  148.0
131 3414.454780 2.028E-76 9.661E-02.04000.03026295.44290.660.000000       X3/2  10       X1/2   8                OP 12.5ee     232010 5 2 2 0 1 0    48.0   52.0
131 3414.542610 1.122E-70 1.053E+02.04000.03025256.23980.660.000000       X3/2   2       X3/2   1                RR 37.5ee     232010 5 2 2 0 1 0   156.0  152.0
131 3415.079010 1.097E-32 2.738E-03.04000.030 4904.54280.660.000000       X1/2   1       X3/2   0                QP 16.5ee     332010 5 2 2 0 1 0    64.0   68.0
131 3415.088120 1.845E-56 4.697E-02.04000.03016807.34790.660.000000       X1/2   4       X3/2   3                RQ 20.5fe     232010 5 2 2 0 1 0    84.0   84.0
131 3415.156430 4.805E-50 2.744E-02.04000.03013588.31110.660.000000       X1/2   4       X3/2   3                RQ 14.5fe     332010 5 2 2 0 1 0    60.0   60.0
131 3415.323250 4.206E-80 1.997E-02.04000.03027978.34730.660.000000       X1/2   1       X3/2   0                RQ 42.5ef     232010 5 2 2 0 1 0   172.0  172.0
131 3415.948460 7.160E-61 1.123E-02.04000.03018518.96090.660.000000       X1/2   6       X3/2   5                SR 12.5ff     332010 5 2 2 0 1 0    56.0   52.0
131 3416.189820 2.369E-31 2.524E-02.04000.030 4559.15570.660.000000       X1/2   2       X3/2   1                QP  7.5ff     332010 5 2 2 0 1 0    28.0   32.0
131 3416.511940 1.527E-29 2.219E-03.04000.030 3344.46860.660.000000       X3/2   1       X1/2   0                QR 12.5ff     332010 5 2 2 0 1 0    56.0   52.0
131 3416.553650 2.878E-55 4.384E-02.04000.03016217.73800.660.000000       X1/2   4       X3/2   3                RQ 19.5ef     232010 5 2 2 0 1 0    80.0   80.0
131 3417.204810 5.656E-51 3.085E-02.04000.03014065.61350.660.000000       X1/2   4       X3/2   3                RQ 15.5ef     332010 5 2 2 0 1 0    64.0   64.0
131 3418.045080 2.700E-29 4.513E-02.04000.030 3846.76710.660.000000       X1/2   1       X1/2   0                QQ 13.5fe     342010 5 2 2 0 1 0    56.0   56.0
131 3418.431900 9.101E-36 1.389E+00.04000.030 7475.16360.660.000000       X3/2   3       X3/2   2                RR  5.5ee     342010 5 2 2 0 1 0    28.0   24.0
131 3418.798910 9.054E-36 1.390E+00.04000.030 7476.24820.660.000000       X3/2   3       X3/2   2                RR  5.5ff     342010 5 2 2 0 1 0    28.0   24.0
131 3418.967790 2.397E-31 2.530E-02.04000.030 4556.92560.660.000000       X1/2   2       X3/2   1                QP  7.5ee     332010 5 2 2 0 1 0    28.0   32.0
131 3418.991290 2.054E-76 9.698E-02.04000.03026293.06810.660.000000       X3/2  10       X1/2   8                OP 12.5ff     232010 5 2 2 0 1 0    48.0   52.0
131 3419.241920 1.774E-66 3.059E-04.04000.03020615.53570.660.000000       X3/2   2       X1/2   0                OP 34.5ee     232010 5 2 2 0 1 0   136.0  140.0
131 3419.579000 4.200E-54 4.075E-02.04000.03015640.33820.660.000000       X1/2   4       X3/2   3                RQ 18.5ef     232010 5 2 2 0 1 0    76.0   76.0
131 3419.774820 5.886E-51 3.092E-02.04000.03014057.61880.660.000000       X1/2   4       X3/2   3                RQ 15.5fe     332010 5 2 2 0 1 0    64.0   64.0
131 3419.854030 5.918E-52 3.423E-02.04000.03014563.59620.660.000000       X1/2   4       X3/2   3                RQ 16.5ef     332010 5 2 2 0 1 0    68.0   68.0
131 3419.900040 3.052E-55 4.397E-02.04000.03016205.89120.660.000000       X1/2   4       X3/2   3                RQ 19.5fe     232010 5 2 2 0 1 0    80.0   80.0
131 3420.663060 5.351E-53 3.755E-02.04000.03015088.72520.660.000000       X1/2   4       X3/2   3                RQ 17.5ef     232010 5 2 2 0 1 0    72.0   72.0
131 3421.003480 6.372E-37 2.946E-02.09500.030 6971.39320.660.000000       X1/2   3       X3/2   2                RQ  1.5ef     332010 5 2 2 0 1 0     8.0    8.0
131 3421.279720 6.374E-37 2.947E-02.09500.030 6971.34600.660.000000       X1/2   3       X3/2   2                RQ  1.5fe     332010 5 2 2 0 1 0     8.0    8.0
131 3421.931960 2.636E-20 1.258E+01.05300.030  429.27890.660.000000       X1/2   1       X1/2   0                PP  3.5ee     342010 5 2 2 0 1 0    12.0   16.0
131 3422.014190 2.634E-20 1.258E+01.05300.030  429.46250.660.000000       X1/2   1       X1/2   0                PP  3.5ff     342010 5 2 2 0 1 0    12.0   16.0
131 3422.155970 1.591E-28 2.665E-03.04000.030 2884.05800.660.000000       X3/2   1       X1/2   0                QR 11.5ee     332010 5 2 2 0 1 0    52.0   48.0
131 3422.395060 1.725E-31 3.133E-03.04000.030 4351.25760.660.000000       X1/2   1       X3/2   0                QP 15.5ff     332010 5 2 2 0 1 0    60.0   64.0
131 3422.614070 6.188E-52 3.433E-02.04000.03014554.67040.660.000000       X1/2   4       X3/2   3                RQ 16.5fe     332010 5 2 2 0 1 0    68.0   68.0
131 3422.725080 4.943E-75 5.797E-02.04000.03025591.54360.660.000000       X3/2   9       X1/2   7                OP 16.5ff     232010 5 2 2 0 1 0    64.0   68.0
131 3422.727350 4.432E-54 4.087E-02.04000.03015629.48160.660.000000       X1/2   4       X3/2   3                RQ 18.5fe     232010 5 2 2 0 1 0    76.0   76.0
131 3423.287420 7.971E-68 5.033E-02.04000.03022290.71660.660.000000       X1/2   3       X3/2   2                RQ 31.5ef     232010 5 2 2 0 1 0   128.0  128.0
131 3423.615870 5.619E-53 3.765E-02.04000.03015078.84390.660.000000       X1/2   4       X3/2   3                RQ 17.5fe     232010 5 2 2 0 1 0    72.0   72.0
131 3424.074630 7.343E-61 1.131E-02.04000.03018514.27430.660.000000       X1/2   6       X3/2   5                SR 12.5ee     332010 5 2 2 0 1 0    56.0   52.0
131 3424.244500 5.032E-80 2.012E-02.04000.03027941.97780.660.000000       X1/2   1       X3/2   0                RQ 42.5fe     232010 5 2 2 0 1 0   172.0  172.0
131 3426.465870 3.291E-74 3.718E-02.04000.03025287.63790.660.000000       X1/2   2       X3/2   1                RQ 37.5ef     232010 5 2 2 0 1 0   152.0  152.0
131 3426.695220 3.405E-80 1.190E+01.04000.03029325.21860.660.000000       X3/2   3       X3/2   1                PP 41.5ff     232010 5 2 2 0 1 0   164.0  168.0
131 3428.044510 3.143E-80 1.200E+01.04000.03029338.27350.660.000000       X1/2   3       X1/2   1                PP 40.5ee     232010 5 2 2 0 1 0   160.0  164.0
131 3428.083320 2.777E-29 4.553E-02.04000.030 3841.60720.660.000000       X1/2   1       X1/2   0                QQ 13.5ef     342010 5 2 2 0 1 0    56.0   56.0
131 3429.321940 9.011E-68 5.060E-02.04000.03022265.84740.660.000000       X1/2   3       X3/2   2                RQ 31.5fe     232010 5 2 2 0 1 0   128.0  128.0
131 3429.333060 8.774E-52 1.387E-02.04000.03014164.76830.660.000000       X1/2   5       X3/2   4                SR  7.5ff     332010 5 2 2 0 1 0    36.0   32.0
131 3430.551040 5.369E-29 7.080E-02.04000.030 3810.71000.660.000000       X3/2   1       X3/2   0                QQ 14.5fe     342010 5 2 2 0 1 0    60.0   60.0
131 3430.628980 1.403E-44 4.321E-03.06500.03010391.15960.660.000000       X1/2   4       X3/2   3                SR  3.5ff     332010 5 2 2 0 1 0    20.0   16.0
131 3430.940050 1.405E-44 4.320E-03.06500.03010390.80110.660.000000       X1/2   4       X3/2   3                SR  3.5ee     332010 5 2 2 0 1 0    20.0   16.0
131 3431.796730 1.623E-28 2.687E-03.04000.030 2880.48680.660.000000       X3/2   1       X1/2   0                QR 11.5ff     332010 5 2 2 0 1 0    52.0   48.0
131 3432.236530 5.186E-37 2.350E-02.08600.030 7049.29020.660.000000       X1/2   3       X3/2   2                RQ  2.5ef     332010 5 2 2 0 1 0    12.0   12.0
131 3432.273730 8.860E-52 1.391E-02.04000.03014162.94090.660.000000       X1/2   5       X3/2   4                SR  7.5ee     332010 5 2 2 0 1 0    36.0   32.0
131 3432.592520 9.106E-31 3.390E-02.04000.030 4309.15410.660.000000       X1/2   2       X3/2   1                QP  6.5ff     332010 5 2 2 0 1 0    24.0   28.0
131 3432.658780 5.191E-37 2.350E-02.08600.030 7049.11770.660.000000       X1/2   3       X3/2   2                RQ  2.5fe     332010 5 2 2 0 1 0    12.0   12.0
131 3433.169600 4.008E-80 1.197E+01.04000.03029292.08770.660.000000       X3/2   3       X3/2   1                PP 41.5ee     232010 5 2 2 0 1 0   164.0  168.0
131 3433.379910 3.591E-80 1.206E+01.04000.03029311.17380.660.000000       X1/2   3       X1/2   1                PP 40.5ff     232010 5 2 2 0 1 0   160.0  164.0
131 3434.040200 3.842E-74 3.742E-02.04000.03025256.23980.660.000000       X1/2   2       X3/2   1                RQ 37.5fe     232010 5 2 2 0 1 0   152.0  152.0
131 3434.447440 9.529E-63 9.143E+01.04000.03021428.04600.660.000000       X3/2   3       X3/2   2                RR 30.5ff     232010 5 2 2 0 1 0   128.0  124.0
131 3434.471200 9.184E-31 3.395E-02.04000.030 4307.49770.660.000000       X1/2   2       X3/2   1                QP  6.5ee     332010 5 2 2 0 1 0    24.0   28.0
131 3434.645780 6.528E-28 8.485E-02.04000.030 3319.33430.660.000000       X3/2   1       X3/2   0                QQ 13.5ef     342010 5 2 2 0 1 0    56.0   56.0
131 3434.708040 8.525E-63 9.126E+01.04000.03021443.99520.660.000000       X1/2   3       X1/2   2                RR 29.5ee     232010 5 2 2 0 1 0   124.0  120.0
131 3434.791820 4.151E-69 2.760E-03.04000.03022286.69090.660.000000       X3/2   4       X1/2   2                OP 30.5ff     232010 5 2 2 0 1 0   120.0  124.0
131 3435.371400 9.345E-63 9.132E+01.04000.03021425.15390.660.000000       X1/2   3       X1/2   2                RR 29.5ff     232010 5 2 2 0 1 0   124.0  120.0
131 3435.424680 1.071E-62 9.150E+01.04000.03021404.05330.660.000000       X3/2   3       X3/2   2                RR 30.5ee     232010 5 2 2 0 1 0   128.0  124.0
131 3436.524520 1.546E-36 8.714E-01.04000.030 7741.74660.660.000000       X1/2   3       X1/2   2                RR  5.5ff     342010 5 2 2 0 1 0    28.0   24.0
131 3436.800150 1.545E-36 8.719E-01.04000.030 7741.96890.660.000000       X1/2   3       X1/2   2                RR  5.5ee     342010 5 2 2 0 1 0    28.0   24.0
131 3437.392890 1.478E-27 3.331E-03.04000.030 2453.11330.660.000000       X3/2   1       X1/2   0                QR 10.5ee     332010 5 2 2 0 1 0    48.0   44.0
131 3437.575240 1.814E-31 3.174E-03.04000.030 4341.77830.660.000000       X1/2   1       X3/2   0                QP 15.5ee     332010 5 2 2 0 1 0    60.0   64.0
131 3438.154690 1.613E-76 6.601E+01.04000.03027754.13920.660.000000       X3/2  10       X3/2   8                PP 17.5ff     232010 5 2 2 0 1 0    68.0   72.0
131 3438.369450 3.256E-28 5.271E-02.04000.030 3348.80860.660.000000       X1/2   1       X1/2   0                QQ 12.5fe     342010 5 2 2 0 1 0    52.0   52.0
131 3440.423310 1.664E-76 6.614E+01.04000.03027747.85590.660.000000       X3/2  10       X3/2   8                PP 17.5ee     232010 5 2 2 0 1 0    68.0   72.0
131 3441.410870 2.032E-36 7.527E-01.04000.030 7682.26540.660.000000       X3/2   3       X3/2   2                RR  6.5ee     342010 5 2 2 0 1 0    32.0   28.0
131 3441.819440 2.017E-36 7.530E-01.04000.030 7683.81960.660.000000       X3/2   3       X3/2   2                RR  6.5ff     342010 5 2 2 0 1 0    32.0   28.0
131 3442.072320 1.309E-21 2.176E-01.09500.030  126.45010.660.000000       X3/2   1       X1/2   0                QR  0.5ff     332010 5 2 2 0 1 0     8.0    4.0
131 3442.178810 1.311E-21 2.178E-01.09500.030  126.29230.660.000000       X3/2   1       X1/2   0                QR  0.5ee     332010 5 2 2 0 1 0     8.0    4.0
131 3442.592210 1.309E-76 6.626E+01.04000.03027784.86390.660.000000       X1/2  10       X1/2   8                PP 16.5ee     232010 5 2 2 0 1 0    64.0   68.0
131 3443.971760 1.337E-76 6.633E+01.04000.03027780.56950.660.000000       X1/2  10       X1/2   8                PP 16.5ff     232010 5 2 2 0 1 0    64.0   68.0
131 3444.458520 1.055E-61 9.824E-03.04000.03018896.25430.660.000000       X1/2   6       X3/2   5                SR 13.5ff     232010 5 2 2 0 1 0    60.0   56.0
131 3445.438400 1.502E-27 3.354E-03.04000.030 2450.25500.660.000000       X3/2   1       X1/2   0                QR 10.5ff     332010 5 2 2 0 1 0    48.0   44.0
131 3445.692480 2.480E-30 3.682E-03.04000.030 3819.11970.660.000000       X1/2   1       X3/2   0                QP 14.5ff     332010 5 2 2 0 1 0    56.0   60.0
131 3446.209300 2.568E-37 1.501E-02.06500.030 7159.15560.660.000000       X1/2   3       X3/2   2                RQ  3.5ef     332010 5 2 2 0 1 0    16.0   16.0
131 3446.783300 2.573E-37 1.501E-02.06500.030 7158.76760.660.000000       X1/2   3       X3/2   2                RQ  3.5fe     332010 5 2 2 0 1 0    16.0   16.0
131 3446.809390 3.333E-28 5.309E-02.04000.030 3344.46860.660.000000       X1/2   1       X1/2   0                QQ 12.5ef     342010 5 2 2 0 1 0    52.0   52.0
131 3447.011110 6.449E-20 1.037E+01.06500.030  202.37960.660.000000       X3/2   1       X3/2   0                PP  3.5ff     342010 5 2 2 0 1 0    12.0   16.0
131 3447.272630 6.464E-20 1.037E+01.06500.030  201.93140.660.000000       X3/2   1       X3/2   0                PP  3.5ee     342010 5 2 2 0 1 0    12.0   16.0
131 3449.028940 6.795E-28 8.592E-02.04000.030 3311.95160.660.000000       X3/2   1       X3/2   0                QQ 13.5fe     342010 5 2 2 0 1 0    56.0   56.0
131 3449.114710 2.946E-30 4.651E-02.04000.030 4093.21740.660.000000       X1/2   2       X3/2   1                QP  5.5ff     332010 5 2 2 0 1 0    20.0   24.0
131 3449.907110 4.404E-72 1.926E-02.04000.03024029.73690.660.000000       X3/2   7       X1/2   5                OP 22.5ee     232010 5 2 2 0 1 0    88.0   92.0
131 3450.249060 2.964E-30 4.656E-02.04000.030 4092.05850.660.000000       X1/2   2       X3/2   1                QP  5.5ee     332010 5 2 2 0 1 0    20.0   24.0
131 3450.657240 4.886E-66 4.885E-02.04000.03021428.04600.660.000000       X1/2   3       X3/2   2                RQ 30.5ef     232010 5 2 2 0 1 0   124.0  124.0
131 3450.784260 1.193E-26 4.301E-03.04000.030 2056.54540.660.000000       X3/2   1       X1/2   0                QR  9.5ee     332010 5 2 2 0 1 0    44.0   40.0
131 3452.039230 1.032E-68 9.758E+01.04000.03024300.54470.660.000000       X3/2   2       X3/2   1                RR 36.5ff     232010 5 2 2 0 1 0   152.0  148.0
131 3452.241680 2.667E-74 6.804E+01.04000.03026898.72760.660.000000       X3/2   1       X3/2   0                RR 41.5ff     232010 5 2 2 0 1 0   172.0  168.0
131 3452.397500 9.379E-69 9.742E+01.04000.03024314.35250.660.000000       X1/2   2       X1/2   1                RR 35.5ee     232010 5 2 2 0 1 0   148.0  144.0
131 3452.629600 2.446E-74 6.793E+01.04000.03026911.29710.660.000000       X1/2   1       X1/2   0                RR 40.5ee     232010 5 2 2 0 1 0   168.0  164.0
131 3453.734770 7.113E-27 1.041E-01.04000.030 2852.47920.660.000000       X3/2   1       X3/2   0                QQ 12.5ef     342010 5 2 2 0 1 0    52.0   52.0
131 3453.814590 1.059E-68 9.757E+01.04000.03024289.52180.660.000000       X1/2   2       X1/2   1                RR 35.5ff     232010 5 2 2 0 1 0   148.0  144.0
131 3453.893730 1.086E-61 9.905E-03.04000.03018890.84450.660.000000       X1/2   6       X3/2   5                SR 13.5ee     232010 5 2 2 0 1 0    60.0   56.0
131 3453.902450 1.198E-68 9.764E+01.04000.03024269.78020.660.000000       X3/2   2       X3/2   1                RR 36.5ee     232010 5 2 2 0 1 0   152.0  148.0
131 3454.813530 2.825E-74 6.806E+01.04000.03026881.79410.660.000000       X1/2   1       X1/2   0                RR 40.5ff     232010 5 2 2 0 1 0   168.0  164.0
131 3454.917610 3.179E-74 6.819E+01.04000.03026862.71410.660.000000       X3/2   1       X3/2   0                RR 41.5ee     232010 5 2 2 0 1 0   172.0  168.0
131 3456.472000 5.500E-66 4.910E-02.04000.03021404.05330.660.000000       X1/2   3       X3/2   2                RQ 30.5fe     232010 5 2 2 0 1 0   124.0  124.0
131 3457.303700 3.340E-27 6.186E-02.04000.030 2884.05800.660.000000       X1/2   1       X1/2   0                QQ 11.5fe     342010 5 2 2 0 1 0    48.0   48.0
131 3457.347400 1.208E-26 4.325E-03.04000.030 2054.34000.660.000000       X3/2   1       X1/2   0                QR  9.5ff     332010 5 2 2 0 1 0    44.0   40.0
131 3458.980520 2.593E-30 3.725E-03.04000.030 3810.71000.660.000000       X1/2   1       X3/2   0                QP 14.5ee     332010 5 2 2 0 1 0    56.0   60.0
131 3459.098900 2.233E-37 3.473E-01.04000.030 7975.34550.660.000000       X1/2   3       X1/2   2                RR  6.5ff     342010 5 2 2 0 1 0    32.0   28.0
131 3459.130100 5.034E-61 8.272E+01.04000.03020581.83070.660.000000       X3/2   3       X3/2   2                RR 29.5ff     232010 5 2 2 0 1 0   124.0  120.0
131 3459.361010 4.490E-61 8.255E+01.04000.03020598.14600.660.000000       X1/2   3       X1/2   2                RR 28.5ee     232010 5 2 2 0 1 0   120.0  116.0
131 3459.423540 2.227E-37 3.474E-01.04000.030 7975.89340.660.000000       X1/2   3       X1/2   2                RR  6.5ee     342010 5 2 2 0 1 0    32.0   28.0
131 3459.636340 1.328E-67 1.144E-03.04000.03021402.85710.660.000000       X3/2   3       X1/2   1                OP 32.5ff     232010 5 2 2 0 1 0   128.0  132.0
131 3459.685460 9.311E-28 5.346E+00.09500.030 3695.35560.660.000000       X1/2   2       X1/2   1                RR  0.5ee     342010 5 2 2 0 1 0     8.0    4.0
131 3459.774610 9.305E-28 5.347E+00.09500.030 3695.50640.660.000000       X1/2   2       X1/2   1                RR  0.5ff     342010 5 2 2 0 1 0     8.0    4.0
131 3459.891900 4.901E-61 8.258E+01.04000.03020580.13910.660.000000       X1/2   3       X1/2   2                RR 28.5ff     232010 5 2 2 0 1 0   120.0  116.0
131 3459.949520 5.633E-61 8.278E+01.04000.03020558.75840.660.000000       X3/2   3       X3/2   2                RR 29.5ee     232010 5 2 2 0 1 0   124.0  120.0
131 3461.637810 8.148E-22 1.230E-01.08600.030  187.75290.660.000000       X3/2   1       X1/2   0                QR  1.5ff     332010 5 2 2 0 1 0    12.0    8.0
131 3461.711230 8.159E-22 1.230E-01.08600.030  187.49280.660.000000       X3/2   1       X1/2   0                QR  1.5ee     332010 5 2 2 0 1 0    12.0    8.0
131 3461.859690 8.578E-38 8.079E-03.05300.030 7301.39210.660.000000       X1/2   3       X3/2   2                RQ  4.5ef     332010 5 2 2 0 1 0    20.0   20.0
131 3462.204460 8.352E-26 5.749E-03.04000.030 1694.90250.660.000000       X3/2   1       X1/2   0                QR  8.5ee     332010 5 2 2 0 1 0    40.0   36.0
131 3462.590410 8.609E-38 8.084E-03.05300.030 7300.69840.660.000000       X1/2   3       X3/2   2                RQ  4.5fe     332010 5 2 2 0 1 0    20.0   20.0
131 3462.886050 2.675E-37 2.860E-01.04000.030 7921.97510.660.000000       X3/2   3       X3/2   2                RR  7.5ee     342010 5 2 2 0 1 0    36.0   32.0
131 3463.327520 2.648E-37 2.860E-01.04000.030 7924.07200.660.000000       X3/2   3       X3/2   2                RR  7.5ff     342010 5 2 2 0 1 0    36.0   32.0
131 3464.244920 3.405E-27 6.223E-02.04000.030 2880.48680.660.000000       X1/2   1       X1/2   0                QQ 11.5ef     342010 5 2 2 0 1 0    48.0   48.0
131 3465.199100 7.464E-78 1.964E-02.04000.03026898.72760.660.000000       X1/2   1       X3/2   0                RQ 41.5ef     232010 5 2 2 0 1 0   168.0  168.0
131 3465.247750 3.259E-20 1.210E+01.06500.030  289.04440.660.000000       X1/2   1       X1/2   0                PP  2.5ff     342010 5 2 2 0 1 0     8.0   12.0
131 3465.269940 3.263E-20 1.210E+01.06500.030  288.77190.660.000000       X1/2   1       X1/2   0                PP  2.5ee     342010 5 2 2 0 1 0     8.0   12.0
131 3466.205300 3.719E-72 3.641E-02.04000.03024300.54470.660.000000       X1/2   2       X3/2   1                RQ 36.5ef     232010 5 2 2 0 1 0   148.0  148.0
131 3466.207130 7.364E-27 1.052E-01.04000.030 2846.07640.660.000000       X3/2   1       X3/2   0                QQ 12.5fe     342010 5 2 2 0 1 0    52.0   52.0
131 3466.299790 7.897E-30 6.504E-02.05300.030 3911.37730.660.000000       X1/2   2       X3/2   1                QP  4.5ff     332010 5 2 2 0 1 0    16.0   20.0
131 3466.650970 1.152E-78 2.341E+01.04000.03028714.10380.660.000000       X1/2   4       X1/2   2                PP 37.5ee     232010 5 2 2 0 1 0   148.0  152.0
131 3466.857260 7.927E-30 6.507E-02.05300.030 3910.63340.660.000000       X1/2   2       X3/2   1                QP  4.5ee     332010 5 2 2 0 1 0    16.0   20.0
131 3467.406830 8.430E-26 5.774E-03.04000.030 1693.28560.660.000000       X3/2   1       X1/2   0                QR  8.5ff     332010 5 2 2 0 1 0    40.0   36.0
131 3467.843750 3.075E-29 4.388E-03.04000.030 3319.33430.660.000000       X1/2   1       X3/2   0                QP 13.5ff     332010 5 2 2 0 1 0    52.0   56.0
131 3469.834530 4.653E-72 1.960E-02.04000.03024019.60510.660.000000       X3/2   7       X1/2   5                OP 22.5ff     232010 5 2 2 0 1 0    88.0   92.0
131 3470.263870 2.671E-52 1.317E-02.04000.03014415.54180.660.000000       X1/2   5       X3/2   4                SR  8.5ff     332010 5 2 2 0 1 0    40.0   36.0
131 3470.622600 1.355E-62 8.537E-03.04000.03019299.74850.660.000000       X1/2   6       X3/2   5                SR 14.5ff     232010 5 2 2 0 1 0    64.0   60.0
131 3471.417690 6.626E-26 1.291E-01.04000.030 2419.08850.660.000000       X3/2   1       X3/2   0                QQ 11.5ef     342010 5 2 2 0 1 0    48.0   48.0
131 3471.467740 1.294E-78 2.348E+01.04000.03028690.28000.660.000000       X1/2   4       X1/2   2                PP 37.5ff     232010 5 2 2 0 1 0   148.0  152.0
131 3471.488890 5.063E-25 7.974E-03.04000.030 1368.71580.660.000000       X3/2   1       X1/2   0                QR  7.5ee     332010 5 2 2 0 1 0    36.0   32.0
131 3471.627740 2.043E-66 3.202E-04.04000.03020589.61870.660.000000       X3/2   2       X1/2   0                OP 34.5ff     232010 5 2 2 0 1 0   136.0  140.0
131 3473.556190 4.327E-72 3.663E-02.04000.03024269.78020.660.000000       X1/2   2       X3/2   1                RQ 36.5fe     232010 5 2 2 0 1 0   148.0  148.0
131 3473.893530 8.914E-78 1.979E-02.04000.03026862.71410.660.000000       X1/2   1       X3/2   0                RQ 41.5fe     232010 5 2 2 0 1 0   168.0  168.0
131 3474.180850 2.704E-52 1.321E-02.04000.03014413.17450.660.000000       X1/2   5       X3/2   4                SR  8.5ee     332010 5 2 2 0 1 0    40.0   36.0
131 3474.336590 3.889E-22 7.249E-02.06500.030  288.77190.660.000000       X3/2   1       X1/2   0                QR  2.5ee     332010 5 2 2 0 1 0    16.0   12.0
131 3474.481960 3.884E-22 7.250E-02.06500.030  289.04440.660.000000       X3/2   1       X1/2   0                QR  2.5ff     332010 5 2 2 0 1 0    16.0   12.0
131 3474.832970 2.907E-26 7.304E-02.04000.030 2453.11330.660.000000       X1/2   1       X1/2   0                QQ 10.5fe     342010 5 2 2 0 1 0    44.0   44.0
131 3475.461030 5.096E-25 8.002E-03.04000.030 1367.61840.660.000000       X3/2   1       X1/2   0                QR  7.5ff     332010 5 2 2 0 1 0    36.0   32.0
131 3475.676310 2.758E-64 4.728E-02.04000.03020581.83070.660.000000       X1/2   3       X3/2   2                RQ 29.5ef     232010 5 2 2 0 1 0   120.0  120.0
131 3476.770530 1.259E-44 6.449E-03.05300.03010527.82960.660.000000       X1/2   4       X3/2   3                SR  4.5ff     332010 5 2 2 0 1 0    24.0   20.0
131 3477.579870 1.263E-44 6.452E-03.05300.03010527.18580.660.000000       X1/2   4       X3/2   3                SR  4.5ee     332010 5 2 2 0 1 0    24.0   20.0
131 3478.325170 1.866E-38 3.459E-03.04000.030 7476.24820.660.000000       X1/2   3       X3/2   2                RQ  5.5ef     332010 5 2 2 0 1 0    24.0   24.0
131 3478.416030 2.649E-24 1.150E-02.04000.030 1078.50960.660.000000       X3/2   1       X1/2   0                QR  6.5ee     332010 5 2 2 0 1 0    32.0   28.0
131 3479.216910 1.876E-38 3.461E-03.04000.030 7475.16360.660.000000       X1/2   3       X3/2   2                RQ  5.5fe     332010 5 2 2 0 1 0    24.0   24.0
131 3479.326390 3.197E-29 4.430E-03.04000.030 3311.95160.660.000000       X1/2   1       X3/2   0                QP 13.5ee     332010 5 2 2 0 1 0    52.0   56.0
131 3479.735180 1.645E-78 1.199E-01.04000.03027381.69450.660.000000       X3/2  10       X1/2   8                PQ 15.5fe     232010 5 2 2 0 1 0    64.0   64.0
131 3479.803970 1.034E-38 5.303E-02.04000.030 8242.59940.660.000000       X1/2   3       X1/2   2                RR  7.5ff     342010 5 2 2 0 1 0    36.0   32.0
131 3479.884360 1.676E-78 1.199E-01.04000.03027377.90090.660.000000       X3/2  10       X1/2   8                PQ 15.5ef     232010 5 2 2 0 1 0    64.0   64.0
131 3480.169070 1.029E-38 5.303E-02.04000.030 8243.54580.660.000000       X1/2   3       X1/2   2                RR  7.5ee     342010 5 2 2 0 1 0    36.0   32.0
131 3480.384140 2.953E-26 7.341E-02.04000.030 2450.25500.660.000000       X1/2   1       X1/2   0                QQ 10.5ef     342010 5 2 2 0 1 0    44.0   44.0
131 3480.646600 1.914E-27 4.002E+00.09500.030 3568.47110.660.000000       X3/2   2       X3/2   1                RR  1.5ee     342010 5 2 2 0 1 0    12.0    8.0
131 3480.767800 1.914E-27 4.003E+00.09500.030 3568.52240.660.000000       X3/2   2       X3/2   1                RR  1.5ff     342010 5 2 2 0 1 0    12.0    8.0
131 3481.272600 3.090E-64 4.751E-02.04000.03020558.75840.660.000000       X1/2   3       X3/2   2                RQ 29.5fe     232010 5 2 2 0 1 0   120.0  120.0
131 3481.297800 2.660E-24 1.153E-02.04000.030 1077.85790.660.000000       X3/2   1       X1/2   0                QR  6.5ff     332010 5 2 2 0 1 0    32.0   28.0
131 3481.354510 1.470E-22 4.357E-02.05300.030  429.27890.660.000000       X3/2   1       X1/2   0                QR  3.5ee     332010 5 2 2 0 1 0    20.0   16.0
131 3481.422210 1.401E-62 8.620E-03.04000.03019293.58430.660.000000       X1/2   6       X3/2   5                SR 14.5ee     232010 5 2 2 0 1 0    64.0   60.0
131 3481.475010 2.429E-59 7.439E+01.04000.03019753.08830.660.000000       X3/2   3       X3/2   2                RR 28.5ff     232010 5 2 2 0 1 0   120.0  116.0
131 3481.675150 2.160E-59 7.423E+01.04000.03019769.80400.660.000000       X1/2   3       X1/2   2                RR 27.5ee     232010 5 2 2 0 1 0   116.0  112.0
131 3481.914790 1.469E-22 4.359E-02.05300.030  429.46250.660.000000       X3/2   1       X1/2   0                QR  3.5ff     332010 5 2 2 0 1 0    20.0   16.0
131 3482.079200 6.826E-26 1.303E-01.04000.030 2413.61420.660.000000       X3/2   1       X3/2   0                QQ 11.5fe     342010 5 2 2 0 1 0    48.0   48.0
131 3482.083080 2.348E-59 7.426E+01.04000.03019752.66180.660.000000       X1/2   3       X1/2   2                RR 27.5ff     232010 5 2 2 0 1 0   116.0  112.0
131 3482.147140 2.706E-59 7.445E+01.04000.03019730.97490.660.000000       X3/2   3       X3/2   2                RR 28.5ee     232010 5 2 2 0 1 0   120.0  116.0
131 3482.681440 1.191E-23 1.726E-02.04000.030  824.81630.660.000000       X3/2   1       X1/2   0                QR  5.5ee     332010 5 2 2 0 1 0    28.0   24.0
131 3482.773220 9.286E-39 3.393E-02.04000.030 8194.15680.660.000000       X3/2   3       X3/2   2                RR  8.5ee     342010 5 2 2 0 1 0    40.0   36.0
131 3483.239480 9.166E-39 3.394E-02.04000.030 8196.86420.660.000000       X3/2   3       X3/2   2                RR  8.5ff     342010 5 2 2 0 1 0    40.0   36.0
131 3483.860020 4.564E-23 2.694E-02.04000.030  608.19850.660.000000       X3/2   1       X1/2   0                QR  4.5ee     332010 5 2 2 0 1 0    24.0   20.0
131 3484.597820 5.819E-20 8.062E+00.08600.030   83.92460.660.000000       X3/2   1       X3/2   0                PP  2.5ff     342010 5 2 2 0 1 0     8.0   12.0
131 3484.623170 1.194E-23 1.730E-02.04000.030  824.53090.660.000000       X3/2   1       X1/2   0                QR  5.5ff     332010 5 2 2 0 1 0    28.0   24.0
131 3484.747810 5.825E-20 8.063E+00.08600.030   83.72330.660.000000       X3/2   1       X3/2   0                PP  2.5ee     342010 5 2 2 0 1 0     8.0   12.0
131 3484.897150 1.709E-29 9.245E-02.06500.030 3763.52640.660.000000       X1/2   2       X3/2   1                QP  3.5ff     332010 5 2 2 0 1 0    12.0   16.0
131 3485.023530 4.566E-23 2.697E-02.04000.030  608.19390.660.000000       X3/2   1       X1/2   0                QR  4.5ff     332010 5 2 2 0 1 0    24.0   20.0
131 3485.056800 1.713E-29 9.249E-02.06500.030 3763.10850.660.000000       X1/2   2       X3/2   1                QP  3.5ee     332010 5 2 2 0 1 0    12.0   16.0
131 3487.679760 5.274E-25 1.623E-01.04000.030 2019.64990.660.000000       X3/2   1       X3/2   0                QQ 10.5ef     342010 5 2 2 0 1 0    44.0   44.0
131 3488.882500 3.280E-28 5.306E-03.04000.030 2852.47920.660.000000       X1/2   1       X3/2   0                QP 12.5ff     332010 5 2 2 0 1 0    48.0   52.0
131 3488.933020 4.416E-80 4.273E+00.04000.03029063.47230.660.000000       X3/2   2       X3/2   0                PP 43.5ff     232010 5 2 2 0 1 0   172.0  176.0
